74.2723
93.8653
93.7676
19.7239
160.289
6.81517
6.46644
6.42825
0.0158556
215.481
1.87357
3.07499
321.838
297.203
297.203
0.303463
120.803
236.397
59.7579
59.7577
31.9496
31.9495
138.223
138.046
0.0383217
0.311308
93.4136
38.2626
1.75397
4.24017
24.8717
59.2095
48.3412
0.315623
0.0569555
27.4667
1.08282
106.668
106.668
0.042177
30.7036
88.1233
88.1196
29.8885
0.185565
39.5507
73.5304
41.9328
96.7857
0.515217
0.321844
160.813
160.812
2.34431
94.3886
93.3423
93.35
18.8017
26.2556
23.1372
127.944
112.656
64.8385
32.2469
0.201894
343.772
0.16347
32.9529
359.831
0.00946488
0.902636
19.3757
76.8625
33.8323
0.163316
103.758
0.00326411
348.428
339.946
57.2045
57.1641
56.4227
40.3326
37.6486
0.23225
0.00640128
14.5047
14.5209
32.5516
32.551
76.5208
42.0054
41.4441
39.4757
61.2467
205.519
0.575408
136.458
0.321862
10.8513
0.163774
7.88175
